           // TODO: 여기에 너가 실제 lat,lng 좌표를 채워 넣으면 됨
 (36.64864970499273, 128.06153436130455),
(36.648237715725806, 128.06175795009995),
(36.64783018110709, 128.06198718901183),
(36.64740918120485, 128.0622106493707),
(36.647010555810844, 128.06245118836682),
(36.64659401008651, 128.0626802963225),
(36.6462129543814, 128.06297139237893),
(36.6458807033367, 128.06334702360445),
(36.64559745587986, 128.0637848278595),
(36.645376825936665, 128.06427381039535),
(36.64518307351026, 128.0647799333937),
(36.644989318967966, 128.0652860538145),
(36.64478214765103, 128.065780804699),
(36.644566064602024, 128.06626424798793),
(36.644264937245836, 128.0666850144777),
(36.64398172787257, 128.06711720689387),
(36.64365832359238, 128.06750970457875),
(36.64342421408669, 128.06799288712034),
(36.64319911245403, 128.06847619115825),
(36.64303677644215, 128.0689939053298),
(36.64283849942815, 128.0694999385496),
(36.64264472519546, 128.070006031448),
(36.64245545374235, 128.07051218411203),
(36.642257220647224, 128.07101261933505),
(36.64207690448662, 128.0715244818814),
(36.64188089449957, 128.07202773826714),
(36.64169166492696, 128.07252829068332),
(36.641495550054245, 128.07304272217283),
(36.64131074560535, 128.0735517172014),
(36.641117055244976, 128.07404660943817),
(36.64093222136051, 128.0745583945296),
(36.640693629341825, 128.07503588553536),
(36.640437015891486, 128.075513123046),
(36.64015397714901, 128.0759229012316),
(36.63983499894532, 128.07632099501458),
(36.63952492816834, 128.076730390848),
(36.63926851028807, 128.07718525565508),
(36.638940619338804, 128.077572034317),
(36.638630443203915, 128.07799260018825),
(36.63831155947988, 128.07837949782373),
(36.63798386724769, 128.07874390722796),
(36.63762023612105, 128.07909663123542),
(36.63728358264314, 128.07945531885684),
(36.636964592964055, 128.07985338330352),
(36.63665901526614, 128.0802628126693),
(36.63637130360742, 128.08068925968095),
(36.63611036611213, 128.08114402975707),
(36.63590753362376, 128.08164992269081),
(36.635772018370446, 128.08218470645878),
(36.635699416676516, 128.08273713988297),
(36.635716859227635, 128.08329642332438),
(36.63581108554221, 128.0838344209858),
(36.63601373179758, 128.08434039694345),
(36.63629356962805, 128.08478037264766),
(36.6366052963654, 128.0851816656266),
(36.63699933195998, 128.08544994510046),
(36.637416502609724, 128.0856514658279),
(36.63787088373674, 128.08572492843405),
(36.6383170702203, 128.08570882768245),
(36.638767557753994, 128.08571514962006),
(36.63921835094565, 128.08568793211685),
(36.639669144102754, 128.08566071436317),
(36.64011973343694, 128.08565585634085),
(36.64056546122255, 128.08569006530166),
(36.64101057751745, 128.08579135543746),
(36.641427696144575, 128.085998479082),
(36.64182167826131, 128.08627237013837),
(36.642156178454535, 128.08664606396343),
(36.64247926218286, 128.0870363732564),
(36.64274319435052, 128.08749014962495),
(36.64301626210896, 128.0879300802874),
(36.64330737318897, 128.08836747246943),
(36.643587297075825, 128.08879632404307),
(36.64388523881819, 128.08922543245237),
(36.64420155638003, 128.0896156660247),
(36.64457254483207, 128.08993958087893),
(36.64496196113191, 128.09021903016617),
(36.64534687184127, 128.09049841878718),
(36.645772888711186, 128.09071688766153),
(36.64619480986097, 128.09089057205438),
(36.64663039890649, 128.0910476776763),
(36.64707545834129, 128.09115459785323),
(36.647506951826685, 128.09126691915313),
(36.6479496560782, 128.09138499124376),
(36.648397095557726, 128.09147797070517),
(36.648837239637636, 128.09162955738145),
(36.64926868121866, 128.09174747477613),
(36.64970902984419, 128.09187670210602),
(36.65014968581361, 128.09197238671743),
(36.65060012025498, 128.09198433860203),
(36.65103827021008, 128.09186192130332),
(36.65145481814431, 128.09163855021586),
(36.65185370486061, 128.09137578661006),
(36.65225238614121, 128.09113538377937),
(36.6526557766398, 128.0908726784965),
(36.653072220378114, 128.09066047942656),
(36.65347996115952, 128.0904146053462),
(36.653918314240364, 128.0902698110319),
(36.654364346233464, 128.0902705085914),
(36.65481467832084, 128.09029363394293),
(36.65524591601366, 128.09043391820597),
(36.65564910036358, 128.0906856450122),
(36.65604757439689, 128.09095967546756),
(36.65635016500408, 128.09137215251226),
(36.65662546872097, 128.09181220697616),
(36.65681906807415, 128.09231821327398),
(36.657012665228905, 128.0928242220636),
(36.657161057701956, 128.09334636992267),
(36.65733647694175, 128.09386890216183),
(36.65747129883415, 128.09439645403947),
(36.65764671338262, 128.09491899065847),
(36.65780861105518, 128.0954413381085),
(36.65797055784823, 128.09595809642983),
(36.65820726983435, 128.09642838517675),
(36.65849161548826, 128.09686300443755),
(36.65882152306529, 128.09724235303642),
(36.65916960332374, 128.09760518667113),
(36.659545175375534, 128.09791808508632),
(36.659895712098916, 128.09825859158644),
(36.6602574840859, 128.09860205695492),
(36.660589715572996, 128.09897306654025),
(36.66086944337295, 128.0994188274151),
(36.66110841934468, 128.09988638057996),
(36.661324662589365, 128.10037598198602),
(36.661459403231156, 128.10090916337901),
(36.66153537174816, 128.1014638781752),
(36.661570742420594, 128.1020236075092),
(36.66154759939858, 128.1025769104542),
(36.6614613861672, 128.1031293129817),
(36.661348296862755, 128.10366455381038),
(36.66119020871674, 128.10419355804285),
(36.66106810502211, 128.10472866656428),
(36.66094599894881, 128.10526377333773),
(36.66080141827367, 128.1057929647051),
(36.66065678333434, 128.1063277454801),
(36.66055714232356, 128.1068687606555),
(36.660407997783366, 128.10740347308013),
(36.66026786052387, 128.10793831251524),
(36.66016826431296, 128.10847373131327),
(36.66000114542566, 128.10900258788953),
(36.6598251708514, 128.1095145386895),
(36.65962677422642, 128.11001498096883),
(36.65933005148041, 128.11043012690146),
(36.659046581025805, 128.11087342041293),
(36.65873654959274, 128.11126600047396),
(36.658359727405056, 128.11157373675624),
(36.65799175749057, 128.1118983733571),
(36.657610428903894, 128.11220603883686),
(36.65722050772915, 128.1124688422131),
(36.65683477737962, 128.11276525472638),
(36.65646240401742, 128.1130786322501),
(36.656067819364026, 128.11335813584208),
(36.65573101251413, 128.1137223461989),
(36.65532762594584, 128.1139793499413),
(36.65496415451866, 128.114304027487),
(36.6545783151122, 128.11461160433905),
(36.65420153691508, 128.11491371710605),
(36.65383801067514, 128.11524397653284),
(36.653465735747986, 128.11554614836916),
(36.65309330293904, 128.11586508995123),
(36.65278309840015, 128.11627439251606),
(36.65244623051069, 128.11664416566347),
(36.65222543803587, 128.1171274437496),
(36.652031410228105, 128.1176390636725),
(36.65198567177303, 128.11819196613692),
(36.65196240232221, 128.1187507845416),
(36.65203383643457, 128.1192997903105),
(36.65226351468048, 128.11978958150908),
(36.652506968224245, 128.12025161725052),
(36.65282768559453, 128.12064208480112),
(36.65322147838439, 128.12092737392314),
(36.65363842603798, 128.12114590173067),
(36.654060246506255, 128.1213253607259),
(36.65449107625908, 128.12150495241522),
(36.65490367581587, 128.12170664873568),
(36.655311138132156, 128.12197537419175),
(36.655650184695226, 128.12233257849732),
(36.65596167421806, 128.12274530417042),
(36.656137174422945, 128.12324552723686),
(36.656172443240216, 128.12380522470013),
(36.65621221422111, 128.1243649881171),
(36.65624747775839, 128.12492468649654),
(36.65627823385472, 128.12548431974034),
(36.65631354497627, 128.1260384278807),
(36.65611057510771, 128.12653873778834),
(36.65586737743, 128.12700490769242),
(36.655552683386084, 128.1274085222232),
(36.65517582084757, 128.12771616645327),
(36.654759314529045, 128.12792816966768),
(36.6543384619196, 128.12812333209138),
(36.65389603835667, 128.1282175273698)